a : 7.20703125, 
b : 7.4765625, 
c : 6.251953125, 
d : 7.4765625, 
e : 7.1484375, 
f : 4.21875, 
g : 7.4765625, 
h : 7.59375, 
i : 3.29296875, 
j : 4.130859375, 
k : 7.1015625, 
l : 3.29296875, 
m : 11.671875, 
n : 7.59375, 
o : 7.283203125, 
p : 7.4765625, 
q : 7.4765625, 
r : 5.12109375, 
s : 6.251953125, 
t : 4.728515625, 
u : 7.59375, 
v : 7.1015625, 
w : 9.8203125, 
x : 7.1015625, 
y : 7.1015625, 
z : 6.3046875, 
space: 4.21875,